1873
8190
2193
341
6101
4856
4347
7014
4615
1421
3599
3858
9611
1886
101
2741
9012
8716
109
4623
3549
4342
3454
8334
6811
2289
4327
1544
1785
223
9154
9908
7092
6132
8665
1965
6262
996
3459
1518
5849
4469
1880
6886
6999
5967
5978
262
9090
8360
5990
6568
5974
884
9755
5584
4032
1025
3437
7092
9745
5820
4747
6458
1028
7888
5087
701
8264
143
4689
9003
3327
6978
5325
2231
6715
9066
5778
7709
1280
9626
6314
814
9245
6376
3063
9620
5235
8390
7868
9397
1796
6990
2965
2474
3614
551
3387
7257
6943
1754
2503
8907
1338
5688
7846
2239
5909
2218
3310
8144
2413
6790
1149
7854
9848
8844
2255
8460
4793
4329
4507
999
8967
6273
1417
5281
4944
2996
9654
7591
1275
4866
8817
3011
6590
4487
9829
9042
5355
3914
4821
8412
4305
9572
3295
789
9712
2189
7936
9466
5125
1989
9413
2527
9166
3688
3572
490
7875
608
9359
2216
7204
9710
4243
5478
4495
8959
8199
7965
8929
7652
5054
3158
7493
9405
8265
3020
5789
9528
1994
4642
6705
8493
7402
4478
5521
4172
7919
9206
4433
3692
4112
8626
4587
7214
5217
7194
6088
5017
5914
9897
4418
1950
3123
3362
8329
1936
7661
7437
997
7041
7483
1551
4445
5786
2912
9665
5916
3869
350
5106
8748
9732
7224
4801
9854
4490
2501
3743
4773
5743
5375
1912
1652
6185
7440
9281
887
1762
4587
2632
573
3573
2889
7709
285
9373
1587
4399
5610
5103
9566
9250
334
8671
535
9818
3894
6787
4331
9703
6587
8877
1745
3173
3520
6684
3662
7280
2704
8482
1558
906
4146
8594
4186
624
1740
3697
8923
583
6487
8719
8553
1286
8181
3266
8564
1817
6159
149
5116
8530
9104
6151
371
2273
5350
6687
4456
5479
2731
997
6090
1181
7404
4335
3741
912
6871
2209
4926
3022
2621
9631
3021
5818
5043
6967
8283
8319
8180
7662
7824
1893
6225
2123
5993
9546
1835
8306
3611
6351
6451
3189
1209
2714
9013
5203
5902
1085
5495
4813
3023
4967
2849
5037
4320
5290
401
7484
4395
5661
6977
3658
3380
9023
1945
2918
2817
6393
7903
7906
343
5334
2637
72
6949
9880
8714
7932
9587
1513
9242
3266
7850
9916
9585
7853
1058
7738
9115
3601
1200
6931
4030
4017
6555
9009
4518
1552
8209
4433
9957
199
3772
2728
3742
681
5486
8640
1297
2585
4725
6745
3385
4411
2641
3
3211
3189
1920
3913
9227
4630
3418
3110
6594
866
6157
9603
6991
3005
1490
5253
783
3753
1597
8407
675
6100
3200
3326
8528
6814
7397
1517
3117
1306
3537
3717
3048
5676
766
3468
8958
9218
447
329
4373
7839
6189
40
4898
6242
1650
52
2642
6226
2603
506
79
9050
5155
7
3773
3237
3611
956
2907
8926
7964
7554
2000
1712
8689
3412
5755
3437
880
9017
4224
7886
808
1146
1067
157
6590
7815
907
7165
2004
2374
4850
99
3531
6097
368
7964
7091
3289
693
8238
6198
251
1466
6765
1784
9255
3635
2179
4360
3785
3443
9472
8967
9944
1562
562
7081
2409
7027
1359
7767
9658
284
5103
265
478
5595
8132
8476
3395
6441
3576
9033
2501
9682
7346
3672
5998
1903
2586
589
4757
2428
3746
763
8704
9251
9065
4396
537
3978
151
6156
8921
9511
1624
4200
5970
2255
7306
3112
6509
3289
4301
9403
8946
7862
3602
4532
8513
1849
8532
3276
4555
5310
6318
1850
511
8562
1366
1473
170
7125
4333
343
3128
3462
9209
4732
4107
1166
8751
354
8209
5499
1891
1862
9469
9575
5614
7392
11
3105
7464
2773
5952
651
1061
7221
8896
9487
4120
7381
9881
6085
3817
6952
6983
1337
2098
8905
1916
3042
5933
6784
3460
1348
3679
1383
8243
891
6425
5150
1654
3620
9704
5728
86
7487
7410
5812
523
3586
1523
1954
7731
8279
2158
9269
9209
6900
8308
4283
932
8809
324
3865
816
7419
8524
3811
6411
6853
388
8135
8441
8827
6503
3894
2105
9279
5144
7327
1777
2819
6087
1360
4350
5920
50
9237
2766
7576
286
4442
3906
8326
9445
3311
1234
6002
909
4926
421
4013
4676
2095
4897
3357
1775
1490
5665
167
1942
2375
2080
131
2096
7131
8664
4489
8909
6596
9013
7577
6998
9794
776
4955
8206
6936
954
4827
2154
3533
5428
1439
8719
3845
8332
4304
2704
1869
8061
7997
8654
8569
4295
2796
3061
4783
5749
4062
9794
5316
4918
7792
952
8498
6070
2912
3171
520
1265
5071
2581
2543
4263
7941
8468
4983
5218
6763
1130
1030
6935
733
6081
4038
2984
3881
9774
4918
5927
8178
1750
9645
1847
2751
5190
9481
2053
9077
7239
9188
3544
5036
3947
7005
2568
3286
6352
2184
2599
362
34
7316
3551
2928
2233
5684
4448
1904
7149
7975
8968
5293
363
2961
9472
632
8177
1730
9064
3166
2595
170
4154
2573
8494
1464
7897
4719
1447
5807
8362
2581
7723
6697
7852
3065
4985
6046
691
6033
2894
9670
7983
702
458
3011
5015
1805
8082
9372
7813
5202
6041
8219
6608
3787
2950
9716
4802
9909
3256
4398
2314
3523
9417
1017
1211
3829
201
5536
704
5969
4538
5923
6123
4365
512
472
8984
391
6458
573
1427
9394
7533
2005
8151
7697
7377
5673
3888
7875
1611
8338
400
7672
4963
1452
6603
1560
3252
7461
6865
6739
2060
5785
9284
1947
8792
320
8505
9688
7057
6951
8668
1277
3299
333
5308
2893
9906
9693
7658
3293
1631
3725
7376
1135
9955
1558
5074
870
6883
9171
7844
4447
9862
116
3013
2713
1842
2222
1951
9030
7080
1359
4180
3418
6549
1686
8812
8942
8036
7745
8102
9611
64
869
5444
9084
2586
6704
9026
5949
1276
8379
4474
632
4434
7537
7397
5256
6417
2118
5734
1756
17
1314
4209
9087
6891
4497
907
2206
6105
5688
2392
3473
1057
5247
1453
4650
9959
7491
4081
3182
14
6538
7097
3485
9434
1633
7339
8797
2835
7662
780
5494
5566
7590
6515
8799
2763
7383
3961
1416
6681
2556
1930
1868
9314
4259
5753
5548
1712
8010
8282
1491
442
3532
6653
4184
2105
466
5010
9096
333
8982
294
148
7081
3434
3803
3751
8754
740
2609
1878
4279
7555
5193
6221
932
7856
1640
5506
1773
2315
169
1711
832
9164
1310
3800
3021
520
8944
4544
8968
1098
6007
9938
4846
3245
2372
4581
7563
4328
8005
2285
7695
2621
5252
3603
7622
8734
5436
2453
3355
5567
14
9191
7442
9503
8142
9084
971
6625
2936
4847
3941
7146
1183
398
1299
9871
8901
980
3302
6580
2339
9630
5113
1304
2170
3995
4986
7200
5388
2824
4367
9894
655
1725
2943
71
1965
2998
5978
6036
4498
58
1418
956
4656
913
3167
1986
3211
1504
90
7930
7411
3942
6854
6451
7274
3680
6652
3981
3229
3443
998
2413
4851
1071
6274
4960
3199
9057
1404
729
6012
901
4478
4329
4585
8437
2371
1708
8221
6814
3483
5471
9156
5008
1715
7981
3920
9570
9408
5616
6159
306
2873
8345
4053
515
4536
8710
3978
9161
6709
2782
4892
3784
1197
4999
316
9511
5944
6004
8851
3521
3730
5481
6013
3560
1155
9645
5701
1958
6709
8255
1669
9357
1108
5402
6559
1480
2794
5896
4763
7595
8294
3744
1847
8589
8633
5502
2040
993
8041
5219
7967
7221
1334
4265
1247
893
7050
5123
1848
5560
9028
2280
4984
4510
5598
95
5341
6994
4210
960
1480
7905
2439
3242
754
5821
4979
1332
5251
9723
1066
194
9323
3863
7131
1930
9137
972
837
5761
5191
3277
2792
5372
8448
9485
5829
4625
293
3726
271
8020
643
786
1439
1337
3191
390
4399
1500
5827
9813
8501
6272
7348
1269
713
1877
4788
8129
6533
8951
7000
9284
99
9898
8606
375
1690
1946
1575
5113
9499
2013
1696
5037
5695
553
686
682
6761
5386
4514
4605
2405
6711
422
3307
8166
9627
2383
3655
8016
4130
674
6193
5221
9278
5620
1557
392
5434
3574
6128
7347
7535
6702
9310
3997
8006
1482
8332
1450
9647
1702
722
2550
6111
1304
9412
2237
3395
9799
699
7120
842
2819
7614
970
7095
3767
2968
9455
9536
1434
6640
8220
4924
7116
4395
1850
6311
6316
6080
6488
1839
3019
600
1792
88
9282
8467
2283
9799
6047
6785
7135
4424
1199
5247
7631
9913
7549
1655
655
1267
5902
9745
6998
1165
6416
5426
9614
5491
6792
330
9579
8741
8195
5471
5977
673
5283
6692
6858
4560
6189
5557
2432
8585
3072
9830
9184
1848
589
6879
9583
1264
2101
1285
3329
5877
1812
7088
3574
3176
1763
2206
9033
6100
8807
89
7790
5170
9224
342
8571
7403
5010
6483
4905
9646
6127
432
4408
7181
1222
5506
6176
9754
9733
958
375
3282
3950
647
2935
4386
4966
5779
6852
2067
9257
4884
7254
7944
8786
1777
1004
5129
94
7464
4766
8365
6012
9029
7749
4186
3849
5605
6958
6807
5044
7123
1757
5339
2663
4324
4922
6245
7955
1639
4498
9242
21
7689
8865
6953
651
7073
579
6960
343
1144
7396
754
636
7958
2879
3359
2520
5126
8641
6904
4175
566
4329
1821
3853
643
6716
5703
481
9430
7537
7534
7245
9373
5238
6006
1263
4679
425
5969
2495
5677
3145
4167
6221
6442
7825
3940
7863
3544
3323
1317
4235
8307
7671
8610
8834
7787
5169
9488
9593
9993
7649
995
5320
1382
6171
279
9150
2179
6604
1606
6653
6016
285
2259
9658
6911
9958
4672
2050
496
9262
2013
4989
5580
9603
5279
8193
5163
7773
2738
9824
9170
1799
2276
9088
1053
9644
5792
8978
2673
8844
8413
40
7231
2096
695
5037
4721
1817
3355
7464
3948
1132
5491
3257
2949
3110
9196
2095
2671
6000
6512
2108
2652
8563
6647
4761
9287
7563
753
902
6837
361
5795
6476
336
1921
7532
3406
6907
6621
5817
2297
9826
537
5581
7711
5057
9763
4940
5963
8071
1366
4071
1179
5632
7163
403
7682
9577
6088
4588
8086
6165
5766
5187
7421
242
1036
1511
3409
6300
9549
4146
7103
1882
7292
2622
4222
9737
484
7282
6237
6032
4562
157
5680
7606
43
2731
7949
7618
1533
6006
5950
7195
8704
7997
394
3871
3687
9958
5448
6346
3746
2388
3141
2020
7515
8168
8757
8098
9721
868
3051
7165
349
1577
6863
3376
1566
9428
5939
5417
1944
5914
2319
5333
9680
5696
5278
841
9059
6027
4337
4663
4336
2548
9626
4234
5880
6820
3007
8219
6531
1502
3173
1391
2098
8531
1767
3661
8629
3918
9012
6952
4687
9972
3231
6943
9487
5844
263
6198
398
382
9021
6180
1829
3080
9
676
8648
1090
4705
548
5717
6109
1170
6597
4694
4053
240
4869
1566
7394
6737
7936
7161
5178
9983
7610
3234
8372
9209
2365
7082
4934
5921
9625
3786
592
9856
7500
3603
3232
1949
7552
1825
6177
9203
5003
4953
3098
3708
7602
677
9184
9223
1545
552
9308
1806
7467
6278
9471
4667
2725
3302
8228
9676
9176
6403
1417
5233
3853
2809
476
9509
8889
7952
1372
376
7683
1753
5188
2166
1554
7767
9684
2996
5261
5788
7208
2193
2860
3039
6900
2675
2037
7779
8506
3957
8879
8995
5274
4447
8708
6571
7596
1033
5650
6973
5352
604
5918
4247
6534
2137
6126
4409
309
7776
3814
9084
2483
1376
1630
7532
6783
5400
4914
2844
6646
1943
8050
747
3757
4515
9067
5215
1742
9187
672
307
6915
1644
8295
4315
4020
216
6528
3940
5320
8839
5573
5736
5298
1782
3294
4348
9671
8274
8948
7930
4613
6601
7648
1958
3486
152
7956
7832
2771
4684
6395
6360
2897
8006
6696
130
3799
994
7029
9110
8832
2580
3747
767
9079
9790
2529
8589
8459
1448
9162
6089
8060
7449
7876
8962
9116
2949
1800
9819
6204
5584
786
8375
3376
1582
2929
6586
1004
2248
9375
5187
3755
9968
4343
5499
4157
494
9495
9358
4034
2390
8557
6190
8830
4069
4940
4873
4253
6181
7252
8352
3443
5424
7578
3586
2129
5103
4187
9670
871
3672
9439
3765
7297
8772
4425
2078
2133
677
6758
475
4609
788
7583
5339
550
1299
9841
5336
1771
3723
8565
2593
3418
2717
2276
1254
2604
4045
7230
7687
3240
8821
5550
6913
8818
7278
2734
84
6502
5923
1192
4112
2443
3253
5060
1574
675
1538
945
9568
8267
1141
6352
2347
4987
1547
7684
115
7301
1652
838
9215
8071
3057
846
7396
2900
5107
5445
4500
5131
4999
8829
8729
7840
9128
2705
3045
1714
6270
1518
5577
662
7837
4112
6791
771
4412
5012
1296
5941
6357
7662
4782
4991
3846
609
1289
4106
9777
1149
4215
3033
4678
5833
1382
5735
6511
6499
6146
1556
8818
9192
2213
4672
5185
7351
8732
8067
7678
3846
3120
1745
1899
7333
4392
3791
3022
737
1578
4902
9536
4360
4411
4762
5274
6650
4314
1304
6621
1531
1808
7339
1231
8502
2167
6324
4245
785
8448
8702
5601
2641
4052
8350
1232
918
115
2709
1746
6858
2785
3432
1655
3089
5506
1155
3237
1376
680
217
961
7724
1723
5797
6149
14
6356
3001
8063
5342
9916
4782
6329
1644
6175
4434
9853
2259
8922
402
1719
8329
7514
439
687
428
4340
3478
9013
2298
5387
4125
8612
1439
6611
303
3131
1446
5310
7100
2612
1081
9371
2326
7729
1257
9924
2953
4808
7323
6796
4999
5261
3068
978
6159
3649
7660
5847
1708
6962
8760
1258
4655
1802
2617
7550
654
1820
8103
8742
2582
2356
2700
62
8416
7668
273
3459
9847
6174
7736
5938
4486
4494
6449
9586
63
4600
951
1638
7025
9073
3774
4599
5695
1009
693
5811
556
2079
7822
4079
8747
6079
2143
4549
1498
5744
2181
2297
7498
6777
8087
8626
7522
2072
8333
7124
7693
6201
6068
9094
1989
8902
2602
8833
8570
4263
4722
333
8512
4143
9193
7348
4535
3241
7033
8834
462
8062
7451
8349
5701
5195
117
4562
3166
3270
5337
1311
1636
7842
3499
8278
956
3414
9745
9809
2379
3036
9795
727
384
2490
2377
7684
9310
1354
5854
5310
550
8588
5892
1122
9009
9510
1890
5649
5093
9997
9626
7076
7263
8030
7631
4442
2209
1049
2507
7396
6450
7543
6300
9496
3033
8112
6731
7724
3763
4802
867
4420
4809
8378
7460
4859
5591
1236
1602
9751
1363
2965
2567
6853
4045
201
2196
6941
4386
3987
5501
371
1813
5659
8455
5568
3859
9165
1330
2198
1332
7789
6694
992
5230
4050
1309
8139
1912
3384
5566
8727
5600
6285
4565
9867
2589
8206
7126
602
107
6746
1556
1751
3248
2657
9467
8981
4545
5237
819
2446
8209
1403
690
3722
6166
5161
9413
5521
5254
3895
2208
2322
806
2920
1908
6788
8898
7540
5002
8321
2652
9672
3123
3313
3082
6810
3204
9361
7431
5570
6335
2655
3613
1922
1813
1966
1495
8323
8456
1803
2596
8041
4054
6848
6847
6719
4637
1372
8677
1859
9234
2893
1655
5483
7050
4056
1038
8268
6593
9481
6245
4040
8246
4718
4776
8866
8232
1750
1247
8338
7187
3759
5096
1542
4333
4715
7295
80
7656
2177
6993
6168
3745
3655
5684
5936
235
1226
7281
8000
6937
1382
4866
9413
2758
6655
9995
8844
8037
6476
9212
6638
5132
3721
5005
4725
1953
9828
3521
9437
4155
6006
2227
6109
738
2563
3853
1783
76
5724
7968
2774
4836
3821
3699
4416
5134
1184
7058
8066
6844
678
4837
7049
1123
8871
6873
9264
9307
701
1781
5541
7011
5285
1339
1845
298
8969
9038
7257
4478
2995
2746
6118
3753
9483
2175
3438
2925
5901
1322
4809
8751
5078
5550
2535
6791
8744
1651
8913
9639
548
2281
129
554
9087
1985
6060
4788
4917
9240
151
7797
7862
7723
3804
3324
1429
2367
4218
6314
9495
4384
9546
660
3776
6140
1569
1423
9843
2628
4105
1731
454
2934
5786
7642
3090
3202
3810
3859
8203
2762
7269
3282
7866
3584
2956
4393
398
1472
547
3720
6445
1907
9829
9768
6
4424
3509
5761
3352
1808
2839
5567
1955
7466
8297
8348
4887
1060
3363
1448
7336
4030
4708
7257
6121
8900
2172
2370
3684
8324
8040
1345
4332
1036
4175
7659
6467
2749
4035
5839
4065
9221
8583
8584
1869
5608
113
9454
8178
4872
6424
485
9623
5135
5777
5899
9228
5674
2701
2371
101
1906
1093
8082
7
3760
5618
2179
9022
3017
4952
2759
1244
9290
3245
8399
5725
2660
7826
1307
7600
790
2579
2049
9581
3149
4785
8478
9838
2384
9664
2078
8624
5173
528
3730
1425
4459
3678
3526
1944
5403
1405
3540
2103
6874
2497
7686
6794
6791
936
4199
474
6265
6669
740
6578
3656
9865
5281
2171
2977
3346
9610
8651
7294
4867
2283
945
9072
4172
4638
9665
3782
4075
1660
2084
8041
4257
6835
287
6550
5666
2070
6589
2278
2526
9035
2396
6330
6620
4956
1188
1075
6467
2809
9398
5135
8232
2363
6857
7421
8841
3857
8027
6557
8103
2083
6536
7689
7603
5667
553
7618
719
5114
5980
5453
4050
2507
1657
6130
8887
2405
4583
7171
4144
540
2542
7679
8027
2563
4918
7030
8282
2203
8019
3513
1255
2545
4349
5054
9901
540
2266
1636
9339
7003
423
5336
6050
4045
46
4253
4426
543
739
9815
3811
4443
8955
9237
2197
1403
2358
4247
9172
5052
874
3691
2984
2546
2943
2713
7039
6584
4384
2217
2529
7198
3253
620
5323
3877
9591
1264
8748
3836
2617
4046
3417
559
8991
1698
2315
7313
9614
5226
1219
1889
9620
4771
6060
2751
1294
3781
8549
9261
4741
4694
9422
3407
9707
4435
2747
8809
233
2100
4659
2391
149
6750
53
4642
4716
1552
9160
6755
8586
3002
2917
2884
2559
3791
1014
610
4115
605
2378
9124
1995
9654
1691
2375
4811
2350
8193
3366
2157
7356
4600
3731
5044
7196
6345
1940
7125
9073
1739
4823
9570
5927
9874
6645
732
8139
3360
8769
377
7521
7319
3523
590
6189
9443
498
9632
1275
3760
8444
1916
5260
507
163
6846
6574
1306
1700
8043
752
1457
5944
7185
9852
5649
3440
8281
2870
8899
3605
7428
6957
7914
4592
4148
3266
3172
4770
2344
4272
8182
9140
2388
2770
9811
1509
5755
4847
5656
7789
2015
6898
5352
8643
4836
3247
7691
77
8109
1770
3448
9917
6325
6125
3714
9431
7897
475
1979
9203
2057
7968
2286
7896
82
1580
1867
9944
5042
7717
3441
298
6593
9002
2939
9572
9579
6126
2496
2008
3483
3882
3784
8304
8508
3144
5483
7564
4475
9278
8789
4962
2268
9148
7844
1078
7545
9356
7469
3083
4275
2208
2665
7786
9230
3155
7446
2549
3566
3157
249
2034
5516
4883
9319
173
7607
3630
4573
7412
5557
8684
7729
3761
5816
4434
98
7808
785
6422
7410
4483
8154
9634
8093
9727
4288
451
8267
7093
8920
9546
910
4614
9788
3606
1597
9299
9779
4003
2181
419
8046
2032
356
7837
5252
5403
2445
9176
5787
9892
1271
9056
7777
8286
7399
6093
4236
8491
743
1314
7024
7475
4050
7393
7839
5819
2966
207
7652
8731
3819
2836
356
6051
8345
213
1343
3303
8582
7877
7906
4344
8128
5001
2666
6068
4193
10
9767
4301
5172
8547
5012
3653
2532
396
7007
5064
3307
454
3943
5090
9283
2375
8792
2338
3982
9206
376
2925
6844
2024
2245
1826
6590
6630
4510
7640
3154
2352
6406
3505
3323
2138
8109
8165
4013
3054
5593
9372
7367
4608
366
4084
5844
415
5735
2071
2716
3637
2404
8566
1446
4859
1561
7752
9557
3019
2290
8402
6067
2623
9714
1465
3457
4005
5522
3561
1885
6022
2309
7409
7321
3312
8555
9528
6119
1977
8511
1967
7006
5730
9192
4612
5189
9416
9564
5490
5214
7773
9225
6085
3312
52
1446
7029
3991
5318
997
6560
5822
2467
9578
4222
5332
7136
8810
4404
7726
2313
4661
1283
2552
4300
5753
5469
3028
6406
8438
9106
6984
7616
9068
1246
5292
3639
8851
6225
4727
9590
5859
2669
3634
236
8799
3456
5567
3125
7360
6714
2002
9719
4038
5384
6291
164
9663
8655
3548
8080
6078
3813
2480
9195
9006
257
4291
7541
7406
7901
3317
9372
6361
5197
62
7758
9641
1806
3088
8925
4968
5797
6048
629
2590
4127
2454
3805
2959
1132
1340
4175
990
3497
3235
3327
6438
1721
7502
3932
6466
2547
4994
1833
9009
6245
19
5052
340
2188
100
8419
1091
5349
7105
3273
1617
4356
211
453
4278
9847
1171
4407
2461
401
8572
3701
4304
6025
1300
4
1049
27
2685
2278
2194
4597
9140
5245
3061
6825
8639
4396
1349
3350
3456
2282
6753
6150
2733
8886
3100
6584
3894
2043
2247
8267
9887
9728
5279
971
8105
9443
2506
7843
3124
3778
8925
4348
3931
7436
5898
4972
6139
3264
6047
4349
6988
8938
3460
36
2060
2449
2771
1301
7088
2236
6630
9262
2522
5778
4240
7579
8466
8864
7062
880
9620
1460
5948
5678
6838
4937
8518
1200
47
7500
2166
2818
4760
385
1874
412
4554
3099
9301
144
9174
2261
1661
8453
5404
2052
6958
916
2056
8571
7840
1739
2011
2411
7717
1506
3862
7232
7776
793
7358
1628
1438
1006
7941
8668
6632
9551
9727
6082
6436
9793
3598
5839
5284
6646
4851
2727
8738
8046
5289
4494
360
6973
6013
5437
3855
3029
1444
1903
5138
4247
869
8838
1035
8639
6501
3931
2563
3966
31
4448
632
422
5479
6843
1371
3215
9412
2902
1007
5583
5864
6207
9037
440
6169
3203
8349
4922
2911
5411
6852
8153
9970
1404
6997
9636
9085
5377
890
5679
6744
9146
6782
6616
1939
9852
6404
9141
7377
8541
9824
9833
3531
4093
4195
989
5204
745
6553
6860
4738
4763
1954
9899
5406
9701
6455
5518
1257
6261
8897
3188
5127
1814
7459
8746
7849
4994
3918
7235
2815
4107
8295
3105
7990
5137
3565
2270
7876
7472
6612
9029
3431
3275
2700
575
8772
3502
89
5004
134
3338
1769
4624
4551
9586
2878
8822
782
9579
5985
2530
6728
3110
3120
5442
7364
3317
4222
3870
357
2440
6455
5748
5931
7072
9854
6456
7161
7938
3772
7921
2642
1848
9685
3892
2279
6386
5533
2442
8297
7405
5248
151
7836
631
6838
5734
5957
9771
9688
3579
2912
3494
459
7596
7701
2767
8332
6499
2973
8960
6344
4840
6179
2475
7853
8249
6279
5369
7460
706
2223
307
2921
1211
4290
6054
433
5797
5841
3
2455
6726
9988
2523
4376
4957
7860
4871
9234
2585
4964
4705
6202
760
2061
1211
9133
6237
1237
2235
7103
7005
9488
4965
5254
2383
683
2453
7958
7406
4480
177
6379
2383
2210
6631
5395
5417
2058
4900
5952
8461
1024
8868
4993
5883
5014
5512
3967
7465
2499
3673
2957
7130
6972
3402
1037
9377
1192
2616
452
7473
1487
5694
1203
4584
9624
7571
7398
5005
9799
2994
4888
5077
6217
4497
5725
9097
1074
3842
6983
1039
9642
4509
2129
3966
2126
2577
72
5343
1633
6319
7251
6879
5893
4691
3248
4988
1809
8915
8513
5336
6872
4347
7710
7989
4717
7656
6098
8452
7961
3797
2266
2383
5044
8750
2857
1381
3966
2030
8391
6631
3094
9090
5305
4068
6484
7645
5844
9849
8999
8508
1574
1765
5738
2583
9836
9478
6289
1432
8705
4320
4820
3725
5742
2621
953
485
3696
7591
7636
5987
3461
4953
9384
6891
719
6720
3307
973
766
1985
7965
1714
4103
2253
5966
3080
2472
6237
3531
7609
9271
669
2588
8495
5890
3237
3383
3339
1681
110
1867
4193
5853
3394
2171
7425
5365
9509
4403
2608
3993
5894
6713
5521
2712
1943
2825
2465
6756
7239
2692
3810
1129
8330
2047
256
281
361
6292
5099
2158
3538
8224
2389
9819
9689
6575
3622
2488
8373
4346
2703
1057
9
3525
4785
7722
3252
7734
2248
7213
4318
4433
6555
3076
8486
8602
4015
1822
8396
4787
1170
6046
2876
988
7511
6121
753
5493
2120
8519
7141
3767
6417
9566
8305
950
6165
4673
1660
4732
8050
4948
7555
7086
7840
87
1358
3748
8721
1895
99
6574
2630
4723
2736
3549
1224
9519
7854
2150
8842
9432
5073
9661
3100
7342
4332
1820
3820
9310
3806
4019
9419
8855
1761
8798
8156
9457
7229
3510
9759
1553
2749
8582
678
3155
6132
5401
5276
460
717
2711
643
9109
8158
2327
477
4077
3732
1259
3343
7537
1126
7059
7755
4889
9268
3527
9951
7335
9086
1117
8961
9086
5039
5801
5382
7137
4019
4460
4328
8883
5192
1180
6470
6758
7336
6850
3213
3814
1354
1723
5245
1834
2787
4517
1205
6669
1408
3544
7806
2296
5806
5533
2856
922
475
2286
8247
2111
121
8545
8931
577
9174
8134
8300
2323
5042
6727
6062
8959
990
3853
1305
4054
5983
308
4045
9241
6578
8719
9508
8243
6611
848
2772
9476
971
2500
5571
4438
4996
7784
1647
5853
6226
1346
9438
203
776
2786
7178
9006
772
7010
9922
4339
2857
917
4416
8844
9681
7854
8791
268
8832
2181
1375
9879
6332
351
7331
5124
2191
7706
84
6609
3863
3347
5535
4190
5272
466
2288
1651
9373
9083
9631
752
3482
2433
2891
9247
3601
5491
6809
336
6125
5962
8942
5119
8736
697
3990
7139
1053
8081
6416
6036
4940
7466
3605
3815
8401
1216
9308
3324
5099
4035
4272
6631
5498
1877
5411
9689
4383
9976
4658
2423
6642
3196
7045
2404
8912
9774
1060
5582
353
2713
8658
6252
7610
7054
5329
9153
627
6546
8171
8976
864
458
6360
2577
577
7060
9579
81
6350
9772
666
7508
6134
1363
4616
6840
96
4179
4905
4368
6592
8018
5394
4907
7790
7889
6272
4141
3084
3776
9746
5641
3433
2301
9913
4504
186
8201
3833
9453
9953
2591
3578
522
4683
6326
9778
2470
2858
8362
8143
4125
9527
4662
1281
449
7792
5768
8144
4367
1298
6524
4255
9836
2739
463
3295
7052
7688
4922
8608
370
9726
9646
6963
6096
1101
9157
2787
2452
343
1703
6506
886
937
2972
5786
6441
3591
7629
5701
7068
3578
2321
3542
5779
9854
361
2815
3756
9554
4955
5833
7518
4819
9921
657
9599
4582
5863
3081
585
9690
4016
9431
6763
642
5076
4359
6032
7554
4657
2130
963
6922
5385
7672
6209
6641
7639
6550
8716
3388
8014
9066
2888
988
9899
3133
1688
6092
715
3439
4733
7353
4778
3541
2322
9977
4861
3564
5977
151
8724
4268
2996
3004
4387
660
4027
7236
9819
922
9112
4502
4126
3501
9022
1470
3195
7103
8610
6151
1650
1073
5166
1988
9323
3152
1518
7303
9529
1831
3457
8998
1127
7499
3077
1858
3819
784
8541
3478
1639
8106
2029
1807
250
2933
4677
9613
8902
2989
4292
744
4185
2452
8519
4572
4538
2628
46
2096
5803
2274
3879
6806
8805
8931
4208
4774
6129
4444
2350
656
1616
4881
9629
3040
3313
6053
7210
2296
3121
4568
7466
2541
811
4230
5738
3654
2076
9859
6268
3913
8271
5323
7881
4868
465
8579
7824
8574
1495
4483
8426
4513
8951
8035
6825
308
4394
142
7436
3725
8885
4489
8311
4920
774
8670
6052
3325
5721
9531
1501
5639
5430
3969
7033
7527
2200
8416
4054
9444
5425
3463
8912
6961
567
3571
2857
9134
617
8007
8128
8705
7333
461
4314
60
7947
8938
2425
7717
5888
3450
7601
9901
1237
7278
3991
4019
9289
1933
7924
296
9044
5685
2493
7265
459
2607
2885
8651
9011
8962
5474
3903
9734
5456
4448
1027
696
4074
2431
2592
6631
2748
5617
9332
4691
7042
6302
3523
165
4760
5772
1897
5011
4737
1166
3408
690
9589
6276
7394
6524
7630
5050
6353
484
3269
1889
1357
5164
4545
6650
1279
9943
4773
4172
4705
3166
210
5905
3856
6665
7990
6013
4843
3642
8283
8296
9196
2319
441
4690
6557
8504
7971
7848
960
2208
757
7613
8852
5944
9030
6573
3135
9171
7375
5983
3851
3820
2035
8475
9344
2088
8176
9913
2773
3128
6884
4087
321
274
9296
9377
5893
6407
9696
7051
7127
10000
7685
1226
904
5965
1517
4151
8998
6854
5014
1650
8624
8235
4723
4343
4276
8256
452
9140
3139
7312
375
7506
4461
2001
6651
5787
2691
3600
7197
7691
19
9601
9711
9874
6456
7482
9345
1893
4308
8100
5238
6741
5789
783
687
2160
9764
2195
1012
7773
5792
3672
8573
312
4122
7651
1533
1419
4177
7359
1799
6419
7028
3951
2186
816
4799
772
8275
758
8131
945
8170
7649
2832
4719
5067
8804
9054
6066
7865
4326
1649
696
4476
7392
1379
6737
7786
6789
1392
9464
8394
7014
3062
1997
8658
2249
6923
3129
8593
3465
3562
6179
9322
5628
3449
2222
235
2129
7129
3607
8025
276
8672
7270
2337
2413
4505
526
4084
2643
1646
5802
8538
9552
2672
9236
8288
9148
8916
1698
4749
797
1683
9356
9139
6891
1117
4843
4338
2263
1501
5145
4646
1525
4728
3777
2278
4433
1762
3925
7402
2731
3155
1245
766
9716
2901
3197
712
281
1011
7458
2247
2636
8703
5877
3258
3691
1107
2477
4161
917
7317
62
8327
7600
2310
4385
4438
9007
7417
1775
3651
5689
6432
27
3870
8006
3102
1512
4623
2723
68
5676
5367
1692
8242
1731
9029
1472
1406
961
5173
6089
9359
2690
4470
3347
6288
2640
6740
6070
6056
4319
2200
6836
244
7056
1099
1620
7003
1650
9424
9694
1155
5174
9314
505
301
3571
4155
7231
9678
6355
3070
2650
9131
9058
5628
345
2781
731
6579
980
3580
1007
6915
8482
5093
3868
7765
5825
7131
4319
8077
5311
1202
876
9841
9394
5753
3863
7803
2199
7943
1579
4840
4404
4307
3505
6973
9432
3999
2125
2659
3128
5596
9401
6022
1975
5618
3036
6832
7353
559
7946
3893
8532
6146
6638
3233
4989
3560
4183
4170
6062
6920
2198
8878
7214
6247
5380
7377
2948
3110
8137
8909
7046
727
3946
9311
6642
2223
1955
2096
7931
4747
4489
2121
9331
7012
1235
1340
3606
1742
3937
7616
3688
8587
1953
3191
4960
4392
7648
456
6477
4423
6026
7875
6308
6787
7265
9460
843
7800
785
9473
6732
8581
1977
172
7516
7357
7440
7975
48
6575
8267
7026
2126
6832
491
7227
4389
5951
5805
5172
1836
3405
1817
4650
6940
7968
7810
5191
601
635
3102
7340
3383
8719
81
1399
8606
6274
5041
3004
8125
5341
5709
5402
95
8323
7936
692
6571
2222
1067
5833
3530
3931
6457
8707
779
7532
9809
7881
2187
6295
6594
6054
2006
8206
5583
7889
7807
7489
9025
8588
2749
2670
8925
7821
1253
5432
7342
4322
2853
3112
6783
2603
1783
649
873
3526
2555
6420
6973
170
1575
1119
4921
7514
9079
5869
6527
11
5373
7757
13
7068
4732
986
2978
4076
2350
1651
9029
1508
6868
4816
1440
7682
9585
6362
620
8579
2799
1982
1880
2290
1049
799
1805
1344
2449
5896
551
5726
9453
4655
7158
4728
4717
9110
3431
5362
9647
1583
899
373
4808
5264
2162
7044
2455
1400
2126
6604
6112
2522
7024
1640
8139
4704
5615
4440
2466
4399
7479
5633
8837
6025
2672
238
2901
2387
1129
8761
472
1519
9052
2966
2702
8104
5156
5912
6719
3679
2939
5679
8589
1316
1552
1395
8671
7314
7896
7024
4088
4698
2529
3926
2959
3703
2236
3565
7625
5568
9613
6094
5568
1574
7227
7289
3772
4483
5092
7687
5089
4277
2873
3711
4959
6324
4348
9629
1490
163
16
9187
1158
8604
1479
6242
9851
1736
9520
3363
2354
550
7552
7357
2093
5168
2871
6505
8048
5040
4699
2172
6157
4540
2449
1080
7411
3058
8112
9098
1184
9139
2395
3296
270
6079
2666
5239
4016
8729
9784
9594
1736
356
9884
3642
4393
7547
2533
6832
1491
1114
8807
3346
1103
9122
8321
5396
9139
1338
1885
7147
5279
830
5102
2732
9298
9260
3226
9443
2215
2620
2637
8772
4847
7722
6500
9781
6660
3143
5170
5754
2640
8771
6133
712
1374
9380
6755
1900
7844
6464
8801
3443
1926
3730
3079
7618
7644
7509
4036
508
8900
9901
6999
7056
4808
4907
9808
6046
1146
7095
2401
2378
9208
1791
3567
611
970
5869
2603
8103
5958
1343
1634
8503
5437
4729
5146
1577
5661
7385
4218
7569
2328
7990
9009
5937
3511
1879
7185
3438
1686
5569
9696
1889
5479
7116
7420
9196
8509
4296
4397
3826
2149
1755
2268
9347
8800
2192
3260
5210
6711
8860
8908
790
9620
5496
6057
7595
2645
5569
730
8278
111
2093
6561
7656
1389
1234
3169
4833
957
8535
8828
6938
5940
6312
3806
4211
5368
5661
6362
2832
5484
4897
1044
6489
5987
4611
7514
108
4358
2087
5851
5021
7921
914
7815
2921
224
6582
1118
3439
7149
8776
586
897
4995
7860
6008
4912
4055
8704
3072
3557
4880
8669
5983
7618
751
3574
286
9144
8926
5462
5512
820
9091
5041
8431
5845
9693
1972
9569
8996
1669
10000
4752
6451
9716
2833
3719
994
4315
7701
4053
1885
93
7149
433
2925
2602
4379
7007
4346
6853
8768
4815
6310
9177
5055
5127
9242
9370
595
4985
1637
6120
6391
8304
7294
3813
7678
4063
5978
4148
3652
361
1499
3935
16
7110
8796
6176
8198
117
376
2192
1748
8684
7058
9457
1115
2583
8037
644
2491
8062
845
5187
2315
1595
3366
4788
4011
6735
6303
1688
5166
4792
7502
7534
3441
6746
9939
5181
4743
210
2741
3259
6306
9342
7946
3236
6071
4612
3155
6568
3968
6065
9505
3197
7525
3234
8192
1753
5256
8923
2566
2834
1190
6179
9862
7312
6357
2417
8238
6368
2493
3580
374
3270
5187
5955
4115
1001
5092
4110
2822
2385
4531
4517
5313
9642
654
5433
3291
5061
9327
8341
6450
766
2480
4077
5718
2099
878
7503
5574
5816
8098
9964
4498
6051
5303
6790
7316
1281
3656
4455
7974
4430
6073
6942
2731
6802
1606
24
2654
8856
7105
9444
562
7981
200
296
5193
7640
273
735
9529
3827
7889
7257
9107
2340
6345
8263
2579
9952
4210
9818
847
7297
5001
7259
1704
6309
6989
7609
163
7646
2672
5045
5096
6362
4835
1683
1710
1172
3577
5560
7142
6188
6268
5005
5556
1508
5867
587
2458
3252
5094
8805
1668
2012
377
352
5065
5690
4508
2441
1727
3019
3447
5210
498
7434
433
1171
4756
6235
2173
5771
2318
6238
1867
3154
1247
1475
9136
350
2849
6109
4663
6977
4667
2597
4937
8807
5690
7098
5484
7008
6608
2355
6802
1218
1114
9042
7296
8061
1582
2318
52
2539
6868
3910
9451
5127
1793
4414
304
2847
9317
3834
6437
1627
2374
9323
1225
8887
7535
726
9026
4532
3773
1022
9655
7144
9506
1735
9921
7413
3903
7246
7053
7371
2363
148
5945
875
783
8489
3205
4243
4453
1564
4775
432
5955
781
6010
9575
1514
7894
1455
7829
7493
2721
7769
7685
8553
8592
5046
6661
7114
5565
2608
3575
6658
3391
292
9499
4103
6748
4537
2939
9145
8973
8018
193
614
4510
9298
7379
5758
4083
685
824
6139
7894
5961
3201
5503
5683
681
1175
5255
3140
4157
7196
9126
1824
6278
9227
8120
3933
6651
8219
6879
6148
7988
4647
2959
5925
66
7968
3732
5680
7297
4955
1251
9276
6576
1691
8105
3267
5365
9215
8046
2484
786
1287
8594
3615
9353
8222
7478
5017
353
6157
2726
9028
5035
4304
3252
7715
7868
5227
3549
7655
8692
5378
2054
7101
2810
5151
3876
429
4594
4970
5036
3872
2761
3035
2407
8388
3062
1667
4367
7598
1260
3175
4718
626
9597
2745
9363
1384
6503
5561
2472
8592
4997
8612
6548
4997
634
6265
1843
1404
4249
8741
4854
532
2203
2417
559
8982
8427
7733
2985
4163
7314
7873
7434
5700
9177
1055
8411
8036
7629
5944
2306
1813
6910
6382
1054
4595
350
2309
9911
1306
1044
8213
1252
2530
1598
4979
9359
9844
535
439
6654
3129
3287
398
660
7996
2035
4586
1275
25
9191
4023
3062
5105
4729
9029
7081
4847
2665
7328
7919
2146
1982
9099
1960
4828
8528
7798
8026
2714
8112
2750
3334
7215
9355
249
6387
1981
370
7363
7614
8896
261
4905
9447
9485
4166
4008
9536
5318
7905
7343
3353
4290
8143
9238
4515
2585
4326
9070
4209
2186
2387
3336
9464
6664
7737
143
7643
2680
8044
3918
7024
1086
498
7407
9085
2321
8161
3027
9981
6302
8991
4353
8266
2143
7770
9193
248
946
8996
6251
4948
4260
8068
4521
7860
2714
5284
6290
9119
8564
8460
8825
7698
8696
289
7384
167
8098
7533
5054
9532
8446
9136
2219
8394
6149
8132
7543
5648
5041
5814
3521
8560
1329
4402
4036
6354
583
7904
2245
8663
9579
1285
3274
6728
9354
2430
351
357
456
3453
9315
9096
7711
5820
9724
9983
8579
9774
5869
7062
4118
5392
7854
3076
727
7539
8602
1232
4069
4189
8084
1269
409
3618
997
8253
3769
4353
4972
9445
7911
9896
9270
6689
7298
9026
3824
8464
5349
6819
8175
1983
2828
5696
3598
6478
6579
3454
8438
2538
4861
3221
5674
1192
160
4799
3156
5640
3785
8652
5177
1165
4336
8521
7687
2444
4259
9469
4828
876
427
4133
487
756
3029
6253
9798
1010
5914
6725
3745
928
2966
8960
6004
7351
2925
1543
3336
2696
9813
2616
1179
2568
2941
3814
1282
8509
3441
139
3887
7424
2558
908
724
343
416
8163
4157
873
7833
485
8442
9816
4243
8001
8764
7660
5742
5864
901
4695
4615
9839
1767
9726
5595
8981
9351
5764
8199
9828
3715
850
2031
2654
1778
2058
189
7007
6202
7221
2544
5400
993
5803
6779
7606
5681
1525
9391
8943
7016
9414
184
6888
9728
1873
363
2342
3372
1682
5401
2604
159
8856
2454
1623
579
524
4685
3297
3903
5371
595
1591
3661
256
2038
7348
6557
7016
1609
8356
6183
4702
9024
9023
7358
3869
7338
3689
6942
4612
9846
6046
6810
5303
5870
2873
5558
400
9911
3008
101
8188
43
296
5659
7977
9946
6063
4707
4625
7307
5518
6528
4906
7549
2030
5630
9888
4321
1928
3266
4390
296
8503
7812
6489
6888
9247
9309
6884
8018
618
63
6961
112
4831
9752
6297
3545
7728
7359
9058
8147
3811
9322
1984
4411
8320
1166
1374
4779
7249
8631
1781
8660
1008
1935
9319
2287
4902
7019
5151
2937
5958
8710
4050
5274
9991
67
8584
2981
6947
6702
2595
5218
1163
2454
4413
1277
7261
2428
5691
180
4209
1345
4265
4291
1354
306
7582
4614
5971
1038
7492
132
7577
7658
9218
4039
6310
7247
2996
1126
5632
2272
1014
6504
3157
2631
6711
6537
8666
9171
5658
6557
4571
8489
518
1326
9454
2943
5377
9424
3491
5433
3313
648
6722
75
6257
9273
1418
4433
696
7335
9848
830
6536
9854
487
6862
5573
7061
5243
589
1903
8491
3805
4423
2448
6874
5383
4345
831
6687
3412
335
1147
1513
2055
1205
1627
6436
9959
6143
2935
8700
4115
4523
5595
9139
8163
1478
7453
4951
1726
873
3914
4532
1565
8048
9223
55
1177
9163
598
7811
7572
454
9177
6498
9276
471
3171
1927
4159
4033
9794
8448
7396
5686
604
8646
6464
9822
7843
257
1158
1216
5127
9912
1196
9776
5854
1716
3920
707
1786
4777
9032
4940
6896
5087
1491
9636
8797
7952
3378
4057
6526
6068
7295
8721
9624
6001
3228
3342
2873
672
3869
811
8624
5386
4712
67
3679
9621
4670
1384
1379
1899
8256
6451
8061
411
3741
8832
5455
6517
1236
1942
9251
6854
6458
9696
6979
8853
6529
3255
678
479
6493
7416
2742
2209
516
9227
3813
134
4822
9509
6753
7421
1192
1228
3991
3281
3539
9669
1841
6991
7838
2210
8583
3318
4519
3471
2382
914
2404
9656
2397
6624
5001
9835
5471
5313
5630
7203
9769
9926
9363
6441
8668
1360
417
7498
5366
6754
5347
74
115
5260
9899
842
6658
7561
2270
3811
5126
7129
466
4373
6036
3915
3391
4790
9926
4773
6242
2692
4034
3546
5821
7898
9373
7683
8282
6993
2506
1793
246
8736
635
7105
7232
1984
8605
6970
5894
972
4341
6844
7721
2121
4856
8075
6814
8196
7557
4454
3201
3768
1412
2703
7213
5820
6623
2218
5484
144
1951
5780
7645
2040
5729
3231
3245
9444
3086
2125
7838
9283
2632
3969
6122
9662
2676
8247
3281
8418
8682
2019
6509
7043
8453
6641
3685
720
7924
887
2996
9490
139
6672
5948
752
7488
7149
722
2309
8308
5509
5981
9538
1814
7508
6546
9885
531
8702
5922
162
1261
1621
3756
3492
7540
586
1768
2119
6978
3360
8641
1443
3354
293
324
6401
1183
3053
3137
4034
1022
4321
3646
8785
3360
6819
8423
5733
1536
3014
432
592
6183
494
3703
1289
4002
3370
5244
1083
7912
3706
3720
3698
4961
8060
4557
6352
74
5038
4044
4759
6512
5885
5582
3573
660
4738
7717
3419
9467
2543
1378
8810
1259
6888
3776
1700
6302
8883
3279
9449
503
1181
2057
8309
9760
9395
3319
6915
7574
3335
3002
9722
618
3615
2894
7072
6154
5555
7406
2890
452
4814
1407
7227
2707
9169
4219
8090
8393
2788
1852
9651
484
1154
2132
3448
779
1302
986
1763
4025
286
7965
2262
4589
2238
8117
1110
6719
6528
3055
5781
9694
4630
8809
6016
4446
104
5854
6942
6474
9121
7156
639
5937
2130
8455
7903
7208
3732
953
8674
8081
3884
4254
4805
1979
1724
3130
9342
4739
1872
888
3973
225
7276
8013
6202
5118
9249
2487
2344
9871
8371
3351
3031
8678
3733
1462
1873
2466
1249
3955
7850
1312
8170
3815
3634
7391
9090
8442
7666
9280
925
8286
3726
9831
4197
1537
2134
7311
6014
2930
4048
7717
9262
1745
2656
5382
6783
5155
3769
3689
3527
6218
898
7596
5875
8434
2197
8682
7842
7294
2737
7408
9126
1612
1677
8852
4188
311
7235
1032
1354
5366
1118
3174
5589
3754
3560
7283
6891
3254
4849
4914
3002
2862
4870
4523
6827
1295
1718
1909
6441
21
4238
2157
6008
6646
4275
5550
4310
7027
1829
9885
2040
950
4619
9928
6452
3564
3329
69
6454
8700
6824
1576
5573
8289
6479
2731
8274
3305
4003
7352
7989
2482
3967
1335
547
3869
9200
5882
1655
6150
8367
7665
7758
3079
5021
6267
4320
6750
371
5701
2041
4129
8531
7881
6796
9886
5973
7696
9236
1544
1794
6916
5546
5782
6884
203
3347
2187
6055
8217
3720
1718
5056
3542
9809
9619
1774
664
4445
262
797
2838
8598
6483
5803
2314
1946
2572
9150
4205
4380
3148
4511
9990
8467
5580
4335
3959
9717
3683
3223
9007
2569
4515
6080
7483
3872
7468
4015
2838
8923
5300
9086
5999
1553
313
7024
5785
3416
5971
4609
7493
4581
8875
7923
2348
8400
1981
9770
6777
3299
3712
4824
1656
3076
7065
4244
1258
3837
6309
2975
9517
9591
1388
418
518
3025
1703
8811
2786
4872
6722
7777
7840
6422
1480
8848
6245
500
4851
4539
322
7283
7002
7555
4170
1767
6692
846
2163
9303
1919
252
8607
5740
9406
5886
1406
6905
3794
8796
187
3127
254
7912
5664
9566
4426
5949
9059
3629
9052
3567
634
2186
3603
7928
15
1484
7943
7580
6104
5394
8039
824
7764
4228
5675
5496
3501
2705
9647
4058
2772
6322
7361
3027
4367
2641
8478
142
2647
1392
2800
3102
4087
1558
4154
8658
9465
1557
4509
7816
5707
2199
142
4553
4544
1934
530
4868
4552
7795
7678
5741
3877
7520
2760
2833
8818
99
9674
8371
3678
9701
7662
3043
3434
8658
2736
207
1710
9433
4399
5207
7235
273
5815
6571
654
8151
6869
8062
9471
832
597
2881
8350
6054
1170
3668
8957
2537
8235
14
8056
8831
3485
4349
9143
546
7463
2220
7812
5973
6522
7426
8678
3374
3461
6204
7864
2195
2888
196
9362
5820
5902
5872
2789
2798
516
6289
3453
2332
5677
1390
4589
8434
8662
6342
1984
8066
9670
2622
1709
984
2813
127
6048
3729
2910
971
1227
4620
7152
295
3296
5581
2083
268
497
6343
7736
2364
1220
3965
4215
3715
5748
9436
9931
3468
1618
7292
8024
5048
1836
6592
8163
3670
605
3267
3269
2108
7124
4004
7900
1494
4517
8199
8890
1975
3581
9741
101
5297
3075
3610
4125
2218
1068
8671
7068
3337
2815
2026
5949
3927
958
2376
9806
2644
2876
5256
2779
7103
9271
762
8011
8080
8232
4038
5394
152
4067
9962
2702
2487
2435
3595
3283
2210
5259
6798
9410
3294
6887
9461
1494
7979
5135
8662
9814
7348
6097
1642
5306
2091
1024
9058
6839
9796
6358
3812
8912
7585
8819
416
9058
2008
9857
9965
4286
7807
6445
9656
6186
2274
290
9859
1945
8227
186
8471
5446
8747
9115
9
2177
3542
3645
8275
2361
9433
1443
7339
1843
7432
8928
5095
9033
7303
9597
1306
8184
7890
8060
9332
9414
301
9924
3464
2693
8931
2342
5914
5845
9329
2217
2859
6762
6226
1849
1250
7194
8190
8218
1692
408
9333
3228
7444
6318
717
2844
9919
7842
5138
2067
721
9610
6180
8080
6643
468
9432
1304
5071
2338
8236
3157
8448
3652
7243
5253
9891
2881
5677
1213
9345
6107
9021
5691
2125
7617
999
436
3701
9173
8620
4683
3445
2873
7502
9323
950
349
5988
4540
9999
2758
3037
7550
4025
9395
9731
2612
6534
6398
7308
8570
7205
1331
6031
9472
2239
1472
5231
8507
1312
2079
816
5996
5667
5740
6614
6051
6296
1812
2888
4083
1752
7497
444
8910
9783
2416
9379
3273
1060
196
5497
2604
7315
3591
9797
5260
8369
5206
9334
5651
1628
3249
2184
4907
3354
1482
9365
4307
9441
7855
4094
5217
4744
1990
3813
4089
9139
1473
9929
4661
3118
907
1491
1718
6431
6668
3504
2329
8248
2574
6823
2468
4825
3717
9197
884
4262
1756
173
169
6489
3492
1926
3984
4000
7597
2865
6496
9253
5479
8666
882
9523
3687
7992
2198
1987
1375
2733
1077
8750
935
455
9157
2587
3178
5220
3433
287
7647
6177
4857
5109
9251
5581
3739
4399
6924
9107
9052
9637
5290
8162
5209
9438
7111
1748
8287
9238
264
5193
8648
7769
7218
8095
4668
7868
8626
2167
844
8354
1679
7040
4125
853
8547
1960
848
5331
1068
9403
6731
3835
3663
7787
6318
4526
1276
1449
9502
4450
3121
3750
7527
127
7344
4982
5352
4924
3491
3605
1038
4853
6662
3891
5721
6588
7704
7437
4601
6307
9441
5881
8786
5325
9495
6836
9033
4301
1707
5722
4140
749
8688
8237
9726
5459
7700
7615
8840
306
5416
5380
9172
4426
9889
4993
507
9577
8064
740
3764
6172
596
9246
1414
2993
6042
7552
2453
4159
4534
2939
9138
1995
2045
5014
1094
9605
2011
6450
5362
6301
58
3851
5527
1173
6070
2504
7369
6056
2591
9323
5669
8478
4663
8588
9103
9007
7889
7594
9039
7770
9702
7651
5001
9875
7908
4192
5239
474
9861
3409
2887
2077
9683
2943
103
1345
3987
2252
1865
2509
3102
6247
4947
7778
6040
5991
38
66
4535
7807
1769
8175
5744
586
1476
3723
2002
8445
9259
6991
4728
215
2263
1277
4001
8896
1827
2348
8385
4984
722
3922
2408
5406
6887
1891
5942
9316
9649
3333
9225
3823
4019
4615
5320
7807
7391
6926
3979
6722
9163
573
2709
350
5161
9256
7934
1266
2019
4069
4338
3490
4130
2935
6895
9565
252
5318
549
6613
4431
5419
5009
1263
5731
714
6989
3015
6080
1048
9792
6223
1171
1321
1274
720
2069
3434
6383
5477
5113
4969
6279
4938
1805
1265
5078
8408
3789
7134
5612
3031
2374
1982
7884
658
8064
5716
9352
8770
5663
8190
2454
8384
96
3859
4019
3221
6211
3540
3314
3790
5057
4719
9317
2029
1893
4934
4196
1920
7515
4427
5021
695
5983
3693
7005
6498
5964
8957
6598
4353
2917
8210
7504
6371
1907
6183
1153
5036
3555
2794
3709
2680
7644
2665
4851
3404
9779
3335
8743
3625
6490
1962
7620
734
2853
9656
2556
3232
3044
9805
4667
1587
2657
6150
421
1203
237
491
8986
436
2018
1844
1869
7186
3026
5595
8173
4914
6988
1370
3688
2534
5049
670
8735
8864
863
4579
497
9655
1131
9427
2050
7964
9009
6266
357
3221
5848
4458
1487
3549
9296
2998
8129
3825
3934
9489
2355
5885
7240
7305
1875
2946
4162
9633
9691
2843
2026
273
2105
9628
7898
6750
7215
7473
6650
2201
1268
1329
5459
8946
5966
5470
1408
7848
6745
9555
3999
8123
2566
5004
9595
9673
3682
7299
4076
7558
9516
4739
4881
5641
1405
9051
8917
988
3540
3682
3238
2197
5825
1337
9946
3769
1997
3369
2781
6311
3776
6852
594
9486
8865
253
3988
8679
5101
4435
8204
3776
2354
3854
4110
357
364
3566
6809
7587
7575
7515
62
6386
8381
5380
5306
7001
4743
8807
7755
6052
7100
4825
2777
4314
2555
7320
7114
6330
6047
2669
5221
5095
6203
5877
8741
1077
5242
8091
2811
1155
9636
4586
303
2627
6319
3720
318
8009
3090
3840
967
6022
3323
3931
366
2799
9612
6429
9117
4793
6847
7872
1451
3484
2092
655
5108
1763
5826
6932
3363
1124
862
8997
365
3911
3167
3496
7598
4520
8095
5693
3454
2629
522
7232
5909
523
1774
7693
4058
4470
8651
1076
6145
8792
7512
6773
8261
3309
3056
1586
8478
2732
153
2832
2546
3925
7221
8970
2786
9548
7626
5750
4381
3014
3175
2077
7664
2817
9103
2711
5931
5922
3232
4533
2087
7672
378
589
6046
9746
2269
8897
1788
5507
8858
8205
3455
3451
9148
1542
1808
3577
7585
7184
6877
2835
8378
9405
9011
7985
6842
4360
7105
9935
7601
4663
3379
7781
6125
7898
4062
326
7540
6180
9789
3318
6292
2098
6578
8757
4034
9160
1521
9565
2452
2824
3282
8488
3141
5554
4399
8374
8939
6653
9121
4419
7380
3566
7204
1987
2631
6423
7870
1170
7217
4784
7403
2491
9308
5275
6318
3257
2640
6800
805
7750
8789
3647
3983
2790
1186
6034
7740
7378
4664
4196
711
5301
1608
3580
3202
4606
987
9645
2985
4944
855
3645
5965
9110
6245
6849
6124
2853
8154
2290
6849
1812
8627
7431
4431
5362
8792
2108
2790
3384
2714
7978
5802
3468
2739
735
8378
9863
7610
3029
2266
6291
7822
6588
6911
6436
3883
7062
865
1860
6429
8473
9727
6523
3086
9847
2753
5341
8516
829
8844
926
9941
3845
8714
2559
9185
6205
5306
1057
4049
3676
1188
3413
4179
3740
8095
8541
151
6298
8397
8008
6781
3386
9320
9306
147
1709
816
4831
7520
5187
1456
8204
9632
450
9881
2877
5707
1356
1328
280
5064
75
8415
7176
5413
7351
604
4133
9171
3948
8126
5243
4876
2017
1626
6697
6822
7538
6990
4832
708
1639
9854
8069
4523
4743
9787
8757
3565
6010
1443
6577
2595
4809
3701
3515
381
3544
4350
5040
2389
4759
3717
4840
6199
6918
7243
2411
8697
5600
8146
9044
190
48
1412
9101
8569
8823
7842
9825
8151
3736
9052
823
4855
5580
4358
2978
3914
3829
842
6381
9993
4354
6051
6532
6609
5503
1632
3260
7852
5567
5560
7242
9665
6805
2197
2592
8094
8830
4863
2440
1441
3655
4373
9986
5248
1914
2315
6887
4415
7497
5146
6319
834
6180
1237
5371
8783
5962
5505
5252
4055
1596
1463
3253
7102
4598
9621
8922
2179
8434
3524
251
9787
5350
4871
460
2669
410
243
2484
1123
143
2445
2806
3546
2654
9579
390
2897
6688
371
3645
742
188
1060
805
9093
4965
7606
834
8725
7035
2620
9910
3408
5244
7263
2033
9427
8102
3728
387
8632
9094
6368
2373
1928
8500
5299
5310
9017
9377
776
5868
9582
4058
1767
6542
9134
2413
3570
116
466
295
592
7780
184
1268
2262
4955
3932
3236
8009
7824
726
6548
249
7228
3954
209
6513
1746
1058
3932
3187
222
2694
9290
3813
9223
4412
972
5689
4362
1836
2879
1323
5833
3267
4316
9199
8222
2888
595
9061
1832
7165
5103
7676
5249
2631
1093
5581
9627
4872
9284
8423
6493
635
4020
8849
7720
8969
7209
6436
2921
3808
1124
4433
1706
7081
4897
928
7395
9123
3146
7104
7804
4139
8656
7393
3340
2909
7145
8925
9705
9048
4792
5125
1432
112
3504
1003
3601
663
9695
1231
3012
3508
8891
1382
9925
672
4916
6962
4674
75
9920
1902
5640
9958
7869
6234
1463
4035
5654
8007
8392
8755
2309
7711
5475
4983
6140
6176
904
9316
2020
6853
4509
3924
5633
4111
3326
1088
6027
5671
8920
5417
2066
999
4833
2602
6945
1325
3771
5565
6049
6467
7197
510
9991
4085
919
147
1498
800
3953
2896
2904
5659
4803
5341
3071
4777
4475
1770
2142
4145
8536
9088
4366
8309
7856
1791
7386
7304
7346
6149
1819
3178
3921
1507
4737
9035
5405
5164
7662
6236
3302
2768
9737
6955
5967
6336
1643
4670
8353
2239
8078
270
8137
396
6264
8589
5446
7132
9788
9272
7267
2175
8658
4298
5430
5660
158
9446
7400
4788
2917
7010
8910
8034
6170
849
5640
2874
6713
7373
3317
705
9082
5331
1926
3995
3580
43
390
6784
854
8396
2844
567
8627
7250
2341
6241
8019
8387
9707
271
9748
2444
5735
9486
6280
4670
1069
457
8334
9002
1005
1970
5244
3343
201
4883
4027
9912
243
4149
3525
4354
7637
3384
1471
5340
9475
2651
286
6296
1384
407
2937
7737
3140
6696
9000
6359
4909
5356
8946
5783
6117
2155
8104
4139
329
8508
348
4465
915
6080
1354
1809
4895
5552
1821
3112
7331
2954
4860
8143
4898
578
324
8381
6344
5006
6806
5513
6994
1822
4263
803
7619
4572
3408
6074
2377
9149
1300
8376
1413
7176
2574
261
7006
7405
4555
7557
8739
667
504
4754
6244
2184
4015
3400
7652
1024
7893
5266
419
4316
9226
2249
5771
6185
927
7862
4832
9119
3555
3540
8602
3914
6271
6771
5482
1414
6058
9557
2370
7615
3619
2966
6336
2798
902
9395
3557
5471
1730
8208
71
6227
6949
6711
9046
3538
7615
7318
3792
5919
2443
5339
5079
7241
4953
3828
2723
3525
7139
509
2267
9694
6331
6867
2477
1864
8347
7663
5428
8213
7708
9486
4768
3750
3330
5880
6829
3481
1381
8500
9071
9494
3329
3030
6646
6792
5064
343
5890
6531
2538
3942
1674
9455
4147
8611
6792
1226
6111
7713
3708
2170
3745
2210
9844
1780
2578
6539
2774
2262
3937
9153
6638
1564
8921
2693
8076
1236
6012
2009
2435
333
1513
7060
7694
622
8812
5648
7629
7889
5155
6300
2839
4845
7167
7986
2306
8504
4183
3500
8883
6285
1246
3417
7502
3083
9726
3962
4207
6569
4944
1286
2736
7356
6814
6521
6162
4895
1085
835
8909
221
6587
7080
6179
2676
2026
237
2542
2658
9738
5816
7411
5581
5407
3508
8285
7000
8904
61
8973
8553
4604
459
8660
4027
1106
8166
8605
5441
4930
2291
7257
208
7684
8901
7362
3402
5344
3280
6833
1332
3209
2550
7101
8570
2448
4216
4497
6541
9128
422
4510
11
2969
6541
3622
8930
1330
4388
8661
37
2777
9259
4632
2423
9022
6210
3045
9134
6431
3799
9606
1357
1512
6666
3918
6111
1691
2792
2406
5859
2334
4878
5265
7706
3208
5141
265
9944
5698
4842
9590
6521
9298
5929
4377
9552
4111
1722
8351
9376
1197
2729
1488
1621
2276
4461
1705
9127
2762
2848
7082
8415
9030
8491
3043
7374
6337
9981
2078
2814
2614
7427
3532
6826
1634
2390
1753
3538
6121
484
9378
74
9260
1773
4517
5274
218
1444
9990
6834
1341
4321
3015
5908
6736
1355
1501
737
4831
8266
7490
9994
3886
4826
1616
5104
3470
4719
7221
8013
7413
7662
9664
1706
7604
5281
336
3889
3703
7560
4798
7913
9312
7948
5084
8296
2450
8603
9448
8041
4806
6685
8157
5611
7632
7548
6444
8245
1796
6597
2788
5564
5874
6968
8151
296
1050
2829
2778
3579
323
7121
7745
5631
2104
1154
5279
6730
646
3055
3337
2294
7208
9354
9810
7826
332
9018
8403
1972
2335
7285
1523
561
2723
1448
1547
7009
7133
2236
653
9650
2995
3047
7248
5613
2494
2939
4764
7635
1499
3332
7512
6264
6820
6882
4189
7678
3775
3358
6574
8534
4586
6561
6131
1820
2518
2556
7943
6929
8511
8486
5920
3946
2686
7590
7930
7503
5203
8919
9712
8513
3449
2380
1807
7848
5097
6099
5062
5938
73
9732
479
17
4614
5488
313
1331
3383
1981
2493
3756
1584
6500
9171
3798
5067
7754
3920
4807
3237
1875
9367
5089
4641
5736
6180
3070
9552
3293
7674
9287
723
5218
4318
9150
2055
1084
4280
3339
3830
3837
1908
5767
2555
9085
3665
5910
1263
7866
3899
4023
6796
4228
1555
3657
8418
6022
9696
705
2505
2650
4202
649
558
7490
8750
512
6754
7556
5791
7090
258
1145
5400
6289
1672
9440
3245
2918
2870
6405
3061
8795
4879
711
5796
8217
5079
1016
8687
8752
8582
9872
9065
8900
5810
1968
2134
1556
2575
7831
3127
6893
1754
4282
2083
7118
5704
1748
7763
5176
8646
7102
4363
6728
9929
7681
4936
4649
2446
712
914
4538
6211
8393
2153
9704
1567
2678
9266
3687
8981
977
4598
2378
7221
4750
1299
2406
5075
7287
4042
9510
7134
4745
1079
819
2606
6468
2618
8044
1370
9281
5814
2865
5805
2196
270
4837
7296
6689
1522
7900
6949
4753
7049
3094
9227
3588
7352
6269
7895
3443
630
9809
8331
6993
9993
1173
6473
9197
7654
4105
2699
2709
8236
5776
9455
5073
3822
4874
5901
6430
8763
3138
642
9865
5420
1788
7742
2913
5741
6794
8054
7711
9988
1852
7046
8565
4564
5721
2499
5719
7172
1516
1733
1287
2822
8799
2509
613
282
9039
9507
2834
8146
1281
2984
1758
1397
3064
3662
8468
9203
9827
1799
6707
6880
402
5966
4194
268
8408
6794
493
546
5975
2802
6057
4304
3540
3963
5817
4730
8087
7612
1299
2841
857
5414
8597
6593
1789
9341
9855
1415
5810
680
2495
6437
2002
842
8663
7121
4753
4895
4493
5465
7784
9097
3941
1759
6047
1231
6245
3203
3552
7900
2837
1446
349
6190
4821
6505
2715
7673
4100
9996
1971
2306
2601
6479
3924
5883
1778
8284
5047
1469
1716
6132
6743
4203
5663
3930
4559
6483
3223
2259
4866
2610
8562
952
4015
706
6247
2325
2588
6325
6873
6700
5893
8478
3000
619
4055
9034
8638
7466
3486
982
6144
5816
4546
1828
5764
7180
1328
2068
5701
5940
6201
8236
566
1917
4583
7556
3829
1333
5391
713
5180
7673
9894
5489
7422
3909
2777
713
9864
7945
822
1722
8021
2858
1122
6155
7811
3738
9748
4304
4155
7480
3822
3668
1915
5681
5606
7675
1053
4122
9094
885
3620
6303
1593
6847
1234
8370
236
811
779
9961
5048
9097
88
8806
8132
9711
5364
740
961
3735
5521
6870
8169
562
4938
1848
880
5098
4706
542
1969
5058
1271
1054
3385
524
5943
3861
2168
5367
4490
1709
4408
2012
5154
5933
634
6660
5026
1435
5073
7506
4546
4556
5752
3057
7040
4158
4355
7361
2179
6304
7177
7600
4241
8217
1902
6633
3747
1157
3548
5702
8620
8934
1578
1024
1669
1120
7001
4108
3290
6848
3917
3707
7921
1418
3981
7063
3938
5596
6002
2904
7511
6404
3390
904
7570
2274
5870
6553
9233
3700
9370
8349
1563
7351
1341
8116
778
3994
7805
9006
7575
8343
6586
6691
8467
204
9427
816
5461
8772
3409
4099
6761
2912
2995
9619
742
6539
7678
3187
3276
6532
6992
2839
5558
7723
5257
9320
